remove_source,118,145

Cell,Node
1,130
2,126
3,126
4,126
5,127
6,127
7,127
8,127
9,127
10,127
11,127
12,127
13,127
14,127
15,125
16,125
17,125
18,125
19,125
20,125
21,125
22,125
23,124
24,124
25,128
26,128
27,132
28,132
29,132
30,132
31,132
32,132
33,132
34,132
35,133
36,133
37,133
38,133
39,133
40,133
41,133
42,133
43,133
44,133
45,133
46,135
47,135
48,135
49,137
50,137
51,137
52,137
53,137
54,137
55,137
56,140
57,140
58,140
59,134
60,134
61,134
62,139
63,143
64,143
65,143
66,146
67,136
68,146
69,139
70,136
71,146
72,136
73,146
74,136
75,146
76,146
77,146
78,142
79,138
80,147
81,142
82,142
83,147
84,142
85,138
86,147
87,148
88,148
89,141
90,148
91,145
92,141
93,145
94,141
95,144
96,148
97,144
98,144
99,148
100,149
101,149
102,149
103,149
104,149
105,149
106,149
107,149
108,149
109,149
110,150
111,150
112,150
113,150
114,150
115,150
116,150
117,151
118,151
119,151
120,151
121,151
122,151
123,151
124,151
125,151
126,151
127,151
128,151
129,152
130,152
131,152
132,152
133,152
134,152
135,152
136,152
137,152
138,152
139,152
140,152
141,93
142,93
143,93
144,93
145,93
146,93
147,93
148,93
149,93
150,93
151,93
152,93
153,93
154,93
155,93
156,93
157,94
158,94
159,94
160,94
161,94
162,94
163,94
164,94
165,94
166,95
167,95
168,95
169,95
170,95
171,95
172,95
173,95
174,95
175,95
176,95
177,95
178,95
179,96
180,96
181,96
182,96
183,96
184,96
185,96
186,96
187,96
188,96
189,96
190,97
191,97
192,97
193,97
194,97
195,97
196,97
197,97
198,97
199,97
200,97
201,97
202,98
203,97
204,98
205,98
206,98
207,98
208,98
209,98
210,98
211,98
212,98
213,98
214,98
215,98
216,98
217,98
218,98
219,98
220,98
221,98
222,99
223,99
224,99
225,99
226,99
227,99
228,99
229,99
230,99
231,99
232,99
233,99
234,99
235,99
236,99
237,100
238,100
239,100
240,100
241,100
242,100
243,100
244,100
245,100
246,102
247,102
248,102
249,102
250,102
251,102
252,102
253,102
254,104
255,104
256,104
257,104
258,104
259,104
260,107
261,107
262,107
263,107
264,107
265,107
266,110
267,110
268,110
269,110
270,110
271,110
272,101
273,113
274,101
275,101
276,101
277,113
278,101
279,101
280,101
281,101
282,101
283,101
284,101
285,101
286,101
287,101
288,101
289,101
290,101
291,101
292,101
293,101
294,101
295,101
296,101
297,113
298,101
299,101
300,106
301,101
302,101
303,101
304,113
305,106
306,103
307,103
308,103
309,114
310,106
311,106
312,103
313,103
314,106
315,103
316,114
317,106
318,103
319,114
320,106
321,103
322,103
323,114
324,106
325,103
326,103
327,114
328,103
329,103
330,114
331,103
332,114
333,106
334,106
335,106
336,103
337,103
338,114
339,106
340,106
341,103
342,114
343,106
344,105
345,105
346,115
347,109
348,105
349,105
350,115
351,109
352,109
353,105
354,105
355,115
356,115
357,109
358,105
359,105
360,115
361,105
362,105
363,115
364,109
365,109
366,105
367,105
368,115
369,109
370,105
371,105
372,115
373,109
374,109
375,109
376,105
377,105
378,105
379,105
380,115
381,109
382,108
383,108
384,105
385,115
386,109
387,109
388,108
389,108
390,116
391,111
392,111
393,109
394,109
395,108
396,108
397,111
398,108
399,108
400,108
401,111
402,108
403,108
404,111
405,108
406,108
407,111
408,111
409,108
410,108
411,111
412,108
413,111
414,111
415,108
416,108
417,108
418,111
419,111
420,108
421,108
422,116
423,111
424,111
425,111
426,108
427,108
428,116
429,111
430,111
431,112
432,108
433,111
434,112
435,112
436,108
437,117
438,112
439,112
440,112
441,112
442,112
443,112
444,112
445,112
446,112
447,112
448,112
449,112
450,112
451,112
452,117
453,112
454,117
455,117
456,117
457,117
458,117
459,117
460,25
461,25
462,25
463,25
464,25
465,25
466,25
467,25
468,25
469,25
470,25
471,25
472,26
473,25
474,26
475,26
476,26
477,26
478,26
479,26
480,26
481,26
482,26
483,26
484,26
485,26
486,26
487,27
488,28
489,28
490,28
491,28
492,27
493,28
494,28
495,28
496,27
497,28
498,28
499,28
500,28
501,28
502,27
503,28
504,28
505,28
506,27
507,28
508,28
509,27
510,28
511,27
512,27
513,27
514,27
515,27
516,27
517,30
518,30
519,30
520,30
521,30
522,30
523,33
524,33
525,33
526,33
527,33
528,37
529,37
530,37
531,37
532,37
533,37
534,39
535,39
536,39
537,44
538,44
539,39
540,32
541,43
542,32
543,32
544,32
545,32
546,32
547,43
548,39
549,32
550,43
551,32
552,32
553,32
554,32
555,49
556,49
557,49
558,44
559,43
560,32
561,32
562,49
563,49
564,32
565,32
566,49
567,49
568,49
569,49
570,35
571,49
572,49
573,49
574,49
575,43
576,35
577,49
578,49
579,49
580,35
581,35
582,49
583,49
584,35
585,35
586,49
587,49
588,49
589,49
590,43
591,35
592,35
593,49
594,49
595,49
596,49
597,47
598,47
599,35
600,35
601,49
602,47
603,47
604,47
605,35
606,35
607,49
608,49
609,47
610,35
611,35
612,49
613,49
614,49
615,47
616,42
617,35
618,47
619,42
620,35
621,29
622,29
623,29
624,47
625,42
626,29
627,29
628,47
629,42
630,29
631,29
632,29
633,29
634,38
635,29
636,29
637,47
638,42
639,38
640,29
641,29
642,48
643,29
644,29
645,48
646,42
647,38
648,31
649,29
650,38
651,29
652,42
653,38
654,31
655,29
656,31
657,31
658,31
659,31
660,31
661,48
662,42
663,38
664,31
665,31
666,48
667,41
668,31
669,54
670,54
671,31
672,31
673,54
674,31
675,31
676,54
677,41
678,31
679,31
680,54
681,41
682,31
683,31
684,31
685,54
686,52
687,46
688,34
689,31
690,31
691,54
692,52
693,52
694,41
695,34
696,34
697,34
698,31
699,52
700,52
701,46
702,41
703,34
704,34
705,34
706,52
707,41
708,34
709,34
710,52
711,41
712,34
713,34
714,45
715,34
716,34
717,52
718,50
719,34
720,34
721,52
722,50
723,45
724,34
725,34
726,55
727,50
728,45
729,34
730,34
731,55
732,55
733,50
734,45
735,34
736,34
737,55
738,50
739,45
740,34
741,34
742,55
743,45
744,36
745,55
746,45
747,36
748,55
749,50
750,45
751,36
752,36
753,36
754,55
755,36
756,36
757,36
758,55
759,45
760,40
761,36
762,36
763,55
764,51
765,36
766,55
767,40
768,55
769,51
770,40
771,40
772,56
773,51
774,40
775,56
776,40
777,40
778,40
779,56
780,40
781,40
782,40
783,40
784,40
785,56
786,56
787,56
788,56
789,56
790,57
791,56
792,57
793,57
794,57
795,56
796,57
797,56
798,57
799,57
800,57
801,57
802,57
803,57
804,57
805,60
806,57
807,57
808,60
809,60
810,57
811,57
812,60
813,57
814,60
815,60
816,60
817,60
818,60
819,60
820,60
821,60
822,60
823,60
824,60
825,60
826,60
827,60
828,60
829,60
830,53
831,53
832,53
833,53
834,53
835,53
836,60
837,60
838,53
839,53
840,62
841,60
842,53
843,53
844,53
845,53
846,53
847,53
848,53
849,53
850,53
851,53
852,53
853,53
854,62
855,53
856,53
857,53
858,53
859,53
860,53
861,62
862,62
863,59
864,53
865,53
866,53
867,62
868,62
869,59
870,53
871,53
872,62
873,59
874,53
875,53
876,53
877,62
878,59
879,59
880,53
881,53
882,63
883,62
884,59
885,53
886,53
887,63
888,62
889,53
890,64
891,64
892,62
893,59
894,53
895,53
896,53
897,64
898,62
899,58
900,53
901,53
902,64
903,59
904,58
905,58
906,64
907,59
908,58
909,64
910,64
911,64
912,62
913,59
914,58
915,59
916,58
917,64
918,59
919,58
920,58
921,64
922,64
923,61
924,58
925,58
926,64
927,61
928,61
929,58
930,64
931,64
932,61
933,61
934,61
935,64
936,64
937,64
938,61
939,64
940,61
941,61
942,61
943,64
944,65
945,68
946,65
947,68
948,68
949,68
950,65
951,68
952,68
953,65
954,65
955,65
956,65
957,65
958,65
959,68
960,68
961,68
962,65
963,65
964,68
965,68
966,65
967,65
968,65
969,68
970,65
971,68
972,65
973,65
974,71
975,67
976,67
977,67
978,67
979,71
980,71
981,71
982,67
983,67
984,67
985,67
986,67
987,67
988,67
989,67
990,67
991,67
992,67
993,67
994,71
995,67
996,67
997,66
998,67
999,67
1000,67
1001,66
1002,71
1003,67
1004,67
1005,67
1006,67
1007,67
1008,66
1009,67
1010,66
1011,66
1012,66
1013,67
1014,67
1015,67
1016,67
1017,66
1018,66
1019,66
1020,66
1021,71
1022,66
1023,66
1024,66
1025,66
1026,66
1027,71
1028,70
1029,66
1030,66
1031,1
1032,1
1033,1
1034,1
1035,74
1036,74
1037,70
1038,70
1039,66
1040,66
1041,66
1042,1
1043,1
1044,70
1045,70
1046,66
1047,66
1048,66
1049,3
1050,74
1051,70
1052,70
1053,70
1054,70
1055,66
1056,66
1057,3
1058,3
1059,70
1060,70
1061,70
1062,69
1063,66
1064,1
1065,70
1066,70
1067,70
1068,69
1069,66
1070,66
1071,3
1072,1
1073,74
1074,74
1075,70
1076,70
1077,69
1078,69
1079,69
1080,2
1081,2
1082,74
1083,70
1084,70
1085,69
1086,69
1087,2
1088,2
1089,2
1090,75
1091,75
1092,74
1093,70
1094,70
1095,6
1096,5
1097,5
1098,5
1099,5
1100,3
1101,2
1102,2
1103,75
1104,74
1105,74
1106,74
1107,70
1108,70
1109,69
1110,69
1111,69
1112,6
1113,6
1114,6
1115,6
1116,5
1117,3
1118,2
1119,2
1120,2
1121,75
1122,74
1123,72
1124,69
1125,7
1126,6
1127,6
1128,6
1129,5
1130,5
1131,5
1132,4
1133,2
1134,2
1135,79
1136,77
1137,74
1138,72
1139,69
1140,9
1141,7
1142,5
1143,4
1144,2
1145,2
1146,2
1147,2
1148,77
1149,77
1150,72
1151,72
1152,9
1153,6
1154,6
1155,5
1156,5
1157,5
1158,5
1159,4
1160,4
1161,4
1162,4
1163,2
1164,79
1165,79
1166,77
1167,72
1168,69
1169,9
1170,9
1171,8
1172,4
1173,4
1174,79
1175,77
1176,77
1177,72
1178,72
1179,72
1180,9
1181,9
1182,8
1183,4
1184,79
1185,72
1186,72
1187,72
1188,9
1189,10
1190,4
1191,79
1192,77
1193,72
1194,77
1195,72
1196,12
1197,79
1198,77
1199,72
1200,10
1201,10
1202,79
1203,77
1204,78
1205,76
1206,12
1207,13
1208,81
1209,76
1210,14
1211,13
1212,78
1213,78
1214,76
1215,13
1216,78
1217,14
1218,13
1219,14
1220,13
1221,76
1222,13
1223,84
1224,78
1225,81
1226,78
1227,76
1228,87
1229,80
1230,87
1231,87
1232,83
1233,80
1234,80
1235,87
1236,87
1237,87
1238,87
1239,83
1240,83
1241,83
1242,88
1243,89
1244,89
1245,88
1246,83
1247,80
1248,83
1249,83
1250,83
1251,89
1252,89
1253,88
1254,88
1255,82
1256,89
1257,89
1258,90
1259,82
1260,89
1261,90
1262,85
1263,85
1264,82
1265,82
1266,90
1267,82
1268,90
1269,85
1270,82
1271,17
1272,17
1273,91
1274,91
1275,91
1276,90
1277,82
1278,82
1279,17
1280,17
1281,17
1282,91
1283,85
1284,85
1285,82
1286,17
1287,17
1288,85
1289,85
1290,85
1291,85
1292,85
1293,82
1294,19
1295,90
1296,90
1297,85
1298,82
1299,19
1300,92
1301,90
1302,90
1303,86
1304,86
1305,86
1306,19
1307,90
1308,86
1309,86
1310,86
1311,86
1312,19
1313,19
1314,86
1315,86
1316,22
1317,22
1318,19
1319,86
1320,86
1321,19
1322,19
1323,86
1324,19
1325,19
1326,19
1327,19
1328,19
1329,19
1330,23
1331,18
1332,23
1333,23
1334,15
1335,15
1336,23
1337,15
1338,15
1339,15
1340,15
1341,23
1342,18
1343,16
1344,15
1345,15
1346,16
1347,15
1348,15
1349,15
1350,15
1351,15
1352,15
1353,16
1354,24
1355,24
1356,16
1357,24
1358,24
1359,20
