202
203
204
208
209
210
214
215
216
220
221
222
226
227
228
232
233
234
235
236
237
238
239
240
241
242
243
243
244
245
246
247
248
249
250
251
252
298
299
300
301
302
303
304
305
306
421
422
423
434
435
436
447
448
449
487
488
489
493
494
495
499
500
501
793
794
795
814
815
816
835
836
837
1030
1031
1032
1051
1052
1053
1072
1073
1074
1216
1217
1218
1234
1235
1236
1252
1253
1254
1276
1277
1278
1279
1280
1281
1297
1298
1299
1300
1301
1302
1318
1319
1320
1321
1322
1323
1405
1406
1407
1426
1427
1428
1447
1448
1449
1456
1457
1458
1468
1469
1470
1480
1481
1482
1492
1493
1494
1495
1496
1497
1504
1505
1506
1507
1508
1509
1516
1517
1518
1519
1520
1521
1528
1529
1530
1537
1538
1539
1546
1547
1548
1606
1607
1608
1618
1619
1620
1630
1631
1632
1798
1799
1800
1813
1814
1815
1828
1829
1830
1840
1841
1842
1846
1847
1848
1858
1859
1860
1864
1865
1866
1876
1877
1878
1882
1883
1884
1888
1889
1890
1897
1898
1899
1906
1907
1908
1996
1997
1998
2002
2003
2004
2011
2012
2013
2017
2018
2019
2026
2027
2028
2032
2033
2034
2194
2195
2196
2200
2201
2202
2206
2207
2208
