year	affected cell IDs (list)
1	[343,348,353,358,363,368,373,378,383,388,393,398,403,408,413,418,423,428,433,438,443,448,453,458,463,468,473,478,483,488,493,498,503,508,513,518,523,528,533,538,543,548,553,558,563]
2	[343,348,353,358,363,368,373,378,383,388,393,398,403,408,413,418,423,428,433,438,443,448,453,458,463,468,473,478,483,488,493,498,503,508,513,518,523,528,533,538,543,548,553,558,563]
3	[343,348,353,358,363,368,373,378,383,388,393,398,403,408,413,418,423,428,433,438,443,448,453,458,463,468,473,478,483,488,493,498,503,508,513,518,523,528,533,538,543,548,553,558,563]
4	[343,348,353,358,363,368,373,378,383,388,393,398,403,408,413,418,423,428,433,438,443,448,453,458,463,468,473,478,483,488,493,498,503,508,513,518,523,528,533,538,543,548,553,558,563]
5	[343,348,353,358,363,368,373,378,383,388,393,398,403,408,413,418,423,428,433,438,443,448,453,458,463,468,473,478,483,488,493,498,503,508,513,518,523,528,533,538,543,548,553,558,563]
6	[343,348,353,358,363,368,373,378,383,388,393,398,403,408,413,418,423,428,433,438,443,448,453,458,463,468,473,478,483,488,493,498,503,508,513,518,523,528,533,538,543,548,553,558,563]
7	[343,348,353,358,363,368,373,378,383,388,393,398,403,408,413,418,423,428,433,438,443,448,453,458,463,468,473,478,483,488,493,498,503,508,513,518,523,528,533,538,543,548,553,558,563]
8	[343,348,353,358,363,368,373,378,383,388,393,398,403,408,413,418,423,428,433,438,443,448,453,458,463,468,473,478,483,488,493,498,503,508,513,518,523,528,533,538,543,548,553,558,563]
9	[343,348,353,358,363,368,373,378,383,388,393,398,403,408,413,418,423,428,433,438,443,448,453,458,463,468,473,478,483,488,493,498,503,508,513,518,523,528,533,538,543,548,553,558,563]
10	[343,348,353,358,363,368,373,378,383,388,393,398,403,408,413,418,423,428,433,438,443,448,453,458,463,468,473,478,483,488,493,498,503,508,513,518,523,528,533,538,543,548,553,558,563]
11	[343,348,353,358,363,368,373,378,383,388,393,398,403,408,413,418,423,428,433,438,443,448,453,458,463,468,473,478,483,488,493,498,503,508,513,518,523,528,533,538,543,548,553,558,563]
12	[343,348,353,358,363,368,373,378,383,388,393,398,403,408,413,418,423,428,433,438,443,448,453,458,463,468,473,478,483,488,493,498,503,508,513,518,523,528,533,538,543,548,553,558,563]
13	[343,348,353,358,363,368,373,378,383,388,393,398,403,408,413,418,423,428,433,438,443,448,453,458,463,468,473,478,483,488,493,498,503,508,513,518,523,528,533,538,543,548,553,558,563]
14	[343,348,353,358,363,368,373,378,383,388,393,398,403,408,413,418,423,428,433,438,443,448,453,458,463,468,473,478,483,488,493,498,503,508,513,518,523,528,533,538,543,548,553,558,563]
15	[343,348,353,358,363,368,373,378,383,388,393,398,403,408,413,418,423,428,433,438,443,448,453,458,463,468,473,478,483,488,493,498,503,508,513,518,523,528,533,538,543,548,553,558,563]
16	[343,348,353,358,363,368,373,378,383,388,393,398,403,408,413,418,423,428,433,438,443,448,453,458,463,468,473,478,483,488,493,498,503,508,513,518,523,528,533,538,543,548,553,558,563]
17	[343,348,353,358,363,368,373,378,383,388,393,398,403,408,413,418,423,428,433,438,443,448,453,458,463,468,473,478,483,488,493,498,503,508,513,518,523,528,533,538,543,548,553,558,563]
18	[343,348,353,358,363,368,373,378,383,388,393,398,403,408,413,418,423,428,433,438,443,448,453,458,463,468,473,478,483,488,493,498,503,508,513,518,523,528,533,538,543,548,553,558,563]
19	[343,348,353,358,363,368,373,378,383,388,393,398,403,408,413,418,423,428,433,438,443,448,453,458,463,468,473,478,483,488,493,498,503,508,513,518,523,528,533,538,543,548,553,558,563]
20	[343,348,353,358,363,368,373,378,383,388,393,398,403,408,413,418,423,428,433,438,443,448,453,458,463,468,473,478,483,488,493,498,503,508,513,518,523,528,533,538,543,548,553,558,563]
21	[343,348,353,358,363,368,373,378,383,388,393,398,403,408,413,418,423,428,433,438,443,448,453,458,463,468,473,478,483,488,493,498,503,508,513,518,523,528,533,538,543,548,553,558,563]
22	[343,348,353,358,363,368,373,378,383,388,393,398,403,408,413,418,423,428,433,438,443,448,453,458,463,468,473,478,483,488,493,498,503,508,513,518,523,528,533,538,543,548,553,558,563]
23	[343,348,353,358,363,368,373,378,383,388,393,398,403,408,413,418,423,428,433,438,443,448,453,458,463,468,473,478,483,488,493,498,503,508,513,518,523,528,533,538,543,548,553,558,563]
24	[343,348,353,358,363,368,373,378,383,388,393,398,403,408,413,418,423,428,433,438,443,448,453,458,463,468,473,478,483,488,493,498,503,508,513,518,523,528,533,538,543,548,553,558,563]
25	[343,348,353,358,363,368,373,378,383,388,393,398,403,408,413,418,423,428,433,438,443,448,453,458,463,468,473,478,483,488,493,498,503,508,513,518,523,528,533,538,543,548,553,558,563]
26	[343,348,353,358,363,368,373,378,383,388,393,398,403,408,413,418,423,428,433,438,443,448,453,458,463,468,473,478,483,488,493,498,503,508,513,518,523,528,533,538,543,548,553,558,563]
27	[343,348,353,358,363,368,373,378,383,388,393,398,403,408,413,418,423,428,433,438,443,448,453,458,463,468,473,478,483,488,493,498,503,508,513,518,523,528,533,538,543,548,553,558,563]
28	[343,348,353,358,363,368,373,378,383,388,393,398,403,408,413,418,423,428,433,438,443,448,453,458,463,468,473,478,483,488,493,498,503,508,513,518,523,528,533,538,543,548,553,558,563]
29	[343,348,353,358,363,368,373,378,383,388,393,398,403,408,413,418,423,428,433,438,443,448,453,458,463,468,473,478,483,488,493,498,503,508,513,518,523,528,533,538,543,548,553,558,563]
30	[343,348,353,358,363,368,373,378,383,388,393,398,403,408,413,418,423,428,433,438,443,448,453,458,463,468,473,478,483,488,493,498,503,508,513,518,523,528,533,538,543,548,553,558,563]
31	[343,348,353,358,363,368,373,378,383,388,393,398,403,408,413,418,423,428,433,438,443,448,453,458,463,468,473,478,483,488,493,498,503,508,513,518,523,528,533,538,543,548,553,558,563]
32	[343,348,353,358,363,368,373,378,383,388,393,398,403,408,413,418,423,428,433,438,443,448,453,458,463,468,473,478,483,488,493,498,503,508,513,518,523,528,533,538,543,548,553,558,563]
33	[343,348,353,358,363,368,373,378,383,388,393,398,403,408,413,418,423,428,433,438,443,448,453,458,463,468,473,478,483,488,493,498,503,508,513,518,523,528,533,538,543,548,553,558,563]
34	[343,348,353,358,363,368,373,378,383,388,393,398,403,408,413,418,423,428,433,438,443,448,453,458,463,468,473,478,483,488,493,498,503,508,513,518,523,528,533,538,543,548,553,558,563]
35	[343,348,353,358,363,368,373,378,383,388,393,398,403,408,413,418,423,428,433,438,443,448,453,458,463,468,473,478,483,488,493,498,503,508,513,518,523,528,533,538,543,548,553,558,563]
36	[343,348,353,358,363,368,373,378,383,388,393,398,403,408,413,418,423,428,433,438,443,448,453,458,463,468,473,478,483,488,493,498,503,508,513,518,523,528,533,538,543,548,553,558,563]
37	[343,348,353,358,363,368,373,378,383,388,393,398,403,408,413,418,423,428,433,438,443,448,453,458,463,468,473,478,483,488,493,498,503,508,513,518,523,528,533,538,543,548,553,558,563]
38	[343,348,353,358,363,368,373,378,383,388,393,398,403,408,413,418,423,428,433,438,443,448,453,458,463,468,473,478,483,488,493,498,503,508,513,518,523,528,533,538,543,548,553,558,563]
39	[343,348,353,358,363,368,373,378,383,388,393,398,403,408,413,418,423,428,433,438,443,448,453,458,463,468,473,478,483,488,493,498,503,508,513,518,523,528,533,538,543,548,553,558,563]
40	[343,348,353,358,363,368,373,378,383,388,393,398,403,408,413,418,423,428,433,438,443,448,453,458,463,468,473,478,483,488,493,498,503,508,513,518,523,528,533,538,543,548,553,558,563]
41	[343,348,353,358,363,368,373,378,383,388,393,398,403,408,413,418,423,428,433,438,443,448,453,458,463,468,473,478,483,488,493,498,503,508,513,518,523,528,533,538,543,548,553,558,563]
42	[343,348,353,358,363,368,373,378,383,388,393,398,403,408,413,418,423,428,433,438,443,448,453,458,463,468,473,478,483,488,493,498,503,508,513,518,523,528,533,538,543,548,553,558,563]
43	[343,348,353,358,363,368,373,378,383,388,393,398,403,408,413,418,423,428,433,438,443,448,453,458,463,468,473,478,483,488,493,498,503,508,513,518,523,528,533,538,543,548,553,558,563]
44	[343,348,353,358,363,368,373,378,383,388,393,398,403,408,413,418,423,428,433,438,443,448,453,458,463,468,473,478,483,488,493,498,503,508,513,518,523,528,533,538,543,548,553,558,563]
45	[343,348,353,358,363,368,373,378,383,388,393,398,403,408,413,418,423,428,433,438,443,448,453,458,463,468,473,478,483,488,493,498,503,508,513,518,523,528,533,538,543,548,553,558,563]
46	[343,348,353,358,363,368,373,378,383,388,393,398,403,408,413,418,423,428,433,438,443,448,453,458,463,468,473,478,483,488,493,498,503,508,513,518,523,528,533,538,543,548,553,558,563]
47	[343,348,353,358,363,368,373,378,383,388,393,398,403,408,413,418,423,428,433,438,443,448,453,458,463,468,473,478,483,488,493,498,503,508,513,518,523,528,533,538,543,548,553,558,563]
48	[343,348,353,358,363,368,373,378,383,388,393,398,403,408,413,418,423,428,433,438,443,448,453,458,463,468,473,478,483,488,493,498,503,508,513,518,523,528,533,538,543,548,553,558,563]
49	[343,348,353,358,363,368,373,378,383,388,393,398,403,408,413,418,423,428,433,438,443,448,453,458,463,468,473,478,483,488,493,498,503,508,513,518,523,528,533,538,543,548,553,558,563]
50	[343,348,353,358,363,368,373,378,383,388,393,398,403,408,413,418,423,428,433,438,443,448,453,458,463,468,473,478,483,488,493,498,503,508,513,518,523,528,533,538,543,548,553,558,563]
