11
36
37
38
39
40
41
42
43
44
45
46
47
48
49
119
120
121
122
123
124
125
149
150
152
153
154
155
156
160
171
205
211
214
221
235
237
239
252
259
264
265
273
274
280
281
282
287
288
290
291
292
293
294
295
296
299
302
305
306
308
310
311
314
315
316
317
318
319
320
321
322
323
324
325
326
327
328
329
330
1
2
3
4
5
6
7
8
9
26
27
32
33
34
35
89
92
111
112
113
115
116
117
118
127
137
138
140
141
142
144
145
146
147
148
151
163
164
168
173
178
179
180
184
185
186
187
188
189
190
191
192
193
194
195
196
197
198
199
217
225
229
233
234
236
238
240
241
242
243
244
247
248
251
258
260
261
262
263
267
268
269
270
271
272
275
276
277
278
279
284
285
286
309
